0007103
0007069
0001218
0002733
0005693
0007447
0006992
0005385
0005373
0003293
0000512
0006157
0002139
0001931
0006419
0007143
0004901
0004085
0004122
0003798
0004132
0001381
0001583
0005267
0000432
0006731
0004341
0005796
0007570
0001878
0009222
0002287
0000081
0003735
0007936
0008508
0006555
0007209
0009333
0008950
0003306
0007590
0001681
0009319
0003045
0005281
0003485
0007253
0003860
0008617
0001346
0006747
0005275
0009237
0007163
0004363
0001502
0000608
0009101
0008957
0005939
0001514
0000667
0008045
0005645
0004280
0005758
0008144
0000710
0002272
0001111
0008636
0001571
0007106
0009051
0001636
0001096
0004857
0008341
0002418
0007741
0006736
0001187
0009327
0001091
0002835
0000371
0008704
0000871
0006714
0003535
0002003
0007449
0006080
0006573
0005198
0002383
0006469
0000068
0005566
0002202
0004382
0008522
0005043
0002656
0007024
0006074
0002640
0004158
0003025
0001958
0007033
0003499
0004025
0003480
0007236
0002365
0001345
0002785
0006222
0005555
0008860
0005946
0005016
0002995
0006009
0001475
0009168
0004770
0002448
0000575
0006530
0002081
0002429
0000176
0005940
0006422
0005949
0003772
0003722
0001602
0008572
0005477
0005309
0005811
0001735
0005884
0002038
0005607
0003057
0003465
0000549
0001529
0003175
0002915
0004339
0008540
0006219
0002550
0002720
0006850
0004480
0008725
0002824
0007144
0007944
0002778
0005516
0002145
0000111
0007553
0008411
0009130
0008840
0006571
0002633
0005311
0003749
0008212
0005498
0000348
0001712
0000647
0006956
0003525
0001039
0002887
0005057
0006483
0000683
0003408
0003733
0000373
0003551
0005532
0002612
0003166
0001518
0001918
0005333
0008790
0002473
0007235
0006877
0002535
0005308
0005655
0007902
0007131
0006689
0006015
0002625
0000032
0005753
0007955
0003925
0004689
0006822
0009172
0007072
0008319
0001095
0006563
0009050
0003903
0000949
0002727
0000481
0002449
0006379
0000031
0006345
0002124
0006966
0002930
0005895
0009241
0002271
0006764
0003074
0005257
0005013
0003124
0001426
0006225
0006861
0003600
0006333
0009257
0004891
0003676
0005361
0002495
0000577
0008850
0008902
0007624
0005843
0007770
0006749
0002759
0000944
0008935
0008835
0000214
0003456
0003221
0007192
0003831
0001010
0004150
0001507
0007603
0009145
0004081
0008534
0008466
0004400
0005885
0001023
0002999
0002253
0008588
0002047
0002554
0005609
0001254
0001837
0003984
0003962
0005162
0001695
0003318
0003846
0004050
0004247
0004379
0005282
0004153
0005690
0005848
0000067
0000967
0008923
0007335
0004818
0000990
0004453
0006907
0008568
0009127
0000698
0007259
0004518
0005231
0004072
0002302
0000493
0004483
0003082
0006065
0009142
0003170
0000369
0000160
0007280
0002604
0002490
0006295
0000241
0000267
0005684
0009129
0007865
0003134
0002642
0002073
0007177
0000234
0004465
0002220
0006231
0000506
0004539
0004849
0004120
0000961
0006839
0008481
0007415
0007819
0003658
0006326
0008125
0009100
0001070
0003457
0006670
0004566
0007688
0009206
0004652
0003179
0007491
0007846
0009032
0001387
0006690
0009011
0005600
0006388
0007601
0002432
0002520
0007029
0008917
0005473
0001806
0004830
0007227
0008096
0008908
0001505
0003093
0004738
0004852
0004125
0005908
0003634
0000482
0007062
0005901
0001860
0006169
0005766
0008056
0006791
0006616
0003716
0004241
0007107
0000988
0004100
0000103
0006604
0008640
0001300
0005010
0000953
0007179
0006258
0005646
0006662
0008306
0006568
0001486
0003119
0000472
0002667
0000742
0002075
0005170
0006446
0006334
0008377
0001747
0007495
0008449
0001490
0001715
0002464
0003736
0003426
0007965
0004502
0008429
0000470
0004699
0005479
0006755
0008064
0004676
0000114
0007849
0007342
0006772
0009034
0000416
0004432
0008920
0001089
0004624
0002147
0007110
0005531
0006117
0002553
0006054
0003112
0004234
0007490
0007316
0002460
0004965
0006544
0004768
0003624
0001246
0008057
0003006
0009387
0004930
0006077
0009159
0004009
0009391
0001786
0002348
0000491
0007757
0003103
0006210
0005906
0004711
0007994
0007078
0001470
0001464
0008269
0005899
0000071
0007782
0006238
0007773
0002592
0000611
0006656
0009344
0004998
0002493
0008329
0003557
0005665
0007406
0001492
0003589
0004441
0004650
0007082
0002544
0004956
0005412
0008877
0009313
0000573
0009247
0002897
0002869
0000175
0006845
0007296
0006167
0003285
0002799
0001047
0009307
0006888
0000337
0003257
0003805
0000410
0004281
0000397
0005422
0000051
0005030
0001327
0009115
0008453
0004277
0006649
0004233
0008080
0009026
0004191
0002494
0008339
0004445
0000260
0004367
0003921
0004015
0000631
0004755
0002510
0006753
0001941
0002817
0007442
0003322
0004469
0001948
0004964
0003817
0008452
0006085
0003638
0006595
0004887
0004404
0003005
0000596
0006769
0008703
0001917
0002427
0004193
0000248
0001586
0002217
0008823
0002757
0008525
0002297
0008913
0007789
0005957
0005066
0003626
0005239
0009368
0009138
0005595
0006951
0004882
0002992
0007321
0002758
0001336
0004065
0003493
0008774
0007852
0005005
0007149
0009352
0004104
0004523
0004513
0003246
0003691
0003835
0003097
0001604
0001208
0001537
0005265
0008997
0000194
0007990
0001482
0003675
0002417
0001274
0005047
0004896
0002199
0001572
0008692
0008623
0005182
0005192
0000147
0003345
0009020
0007420
0001320
0000148
0007721
0006405
0002808
0000277
0001742
0005710
0008573
0006968
0005004
0005591
0002713
0008670
0005176
0000388
0001073
0003288
0009140
0003459
0008942
0008773
0009275
0009096
0004160
0001120
0006281
0007503
0008809
0000164
0002978
0003605
0002361
0004351
0004027
0004665
0005987
0005636
0005692
0003955
0003468
0000724
0004474
0009104
0005357
0006909
0000196
0008812
0004557
0007230
0002783
0005184
0001393
0004314
0008556
0006264
0003543
0001656
0004055
0007050
0005072
0004724
0008911
0002332
0004675
0007925
0006356
0006289
0003157
0004220
0002602
0003547
0001342
0002431
0004067
0007802
0001530
0002891
0006810
0004156
0002025
0005764
0002357
0008468
0007022
0004261
0001789
0000541
0003145
0000675
0000758
0003555
0000180
0001611
0006919
0003217
0004527
0009371
0009341
0004344
0005256
0006317
0008870
0005539
0007906
0006621
0006319
0005262
0004252
0005205
0006029
0004619
0008515
0004080
0007091
0004609
0003370
0001214
0003195
0008048
0004582
0002676
0001841
0004917
0009202
0000630
0004985
0007504
0001687
0006137
0000404
0000583
0004697
0003649
0000186
0003971
0000574
0003779
0003031
0008754
0006978
0002922
0001112
0000879
0000784
0002698
0006624
0004229
0006841
0003999
0004374
0007985
0006217
0001881
0009223
0001553
0000833
0000330
0007995
0000741
0005071
0000897
0004495
0005760
0008260
0001609
0008695
0008566
0003052
0000368
0006945
0004610
0008191
0002251
0005822
0001898
0006414
0005095
0007401
0002060
0006008
0003759
0008262
0007032
0004638
0001154
0000075
0007903
0005264
0008539
0006738
0009116
0001473
0007993
0003853
0002152
0001668
0008645
0005152
0005837
0005567
0003020
0009154
0006397
0003670
0001234
0006947
0008052
0004098
0006829
0002404
0002441
0006815
0001064
0002814
0003629
0005533
0006588
0008502
0008375
0009332
0003252
0008557
0001429
0005815
0007702
0009232
0002674
0002103
0006348
0008257
0009318
0000678
0000124
0006129
0003307
0006860
0003133
0007454
0004595
0002916
0001660
0002095
0007649
0005762
0006502
0005278
0008279
0006970
0004389
0007618
0006265
0000993
0008464
0007411
0003233
0004001
0004272
0006551
0008380
0002538
0000567
0007808
0004963
0007674
0000908
0008127
0002307
0002395
0000752
0002893
0000731
0006490
0006187
0005181
0003172
0004446
0000841
0002657
0003437
0001720
0003674
0007892
0007311
0005941
0001807
0004086
0002340
0002262
0007139
0003568
0002371
0000066
0003880
0008772
0005434
0007458
0007596
0001173
0004912
0003297
0008082
0002412
0003117
0002968
0000654
0005051
0001462
0001955
0002455
0009157
0006543
0004897
0006676
0004515
0008949
0003132
0008092
0008114
0007947
0000703
0006584
0004064
0000900
0008871
0008821
0008786
0007901
0000755
0001723
0007178
0000546
0000316
0000417
0003411
0007457
0000869
0005386
0000866
0006881
0008562
0001853
0003948
0005506
0002957
0004929
0001927
0004946
0007344
0001872
0007812
0006076
0001618
0005392
0004425
0007108
0001832
0001554
0007766
0000705
0008316
0006007
0005587
0006141
0000789
0001178
0000928
0003262
0007290
0003396
0001056
0007205
0002964
0002579
0005301
0005754
0000408
0001710
0007459
0009184
0003941
0006687
0006727
0003232
0000657
0002908
0004109
0007783
0008321
0001914
0007058
0004808
0002518
0005025
0004187
0000034
0002194
0003371
0005543
0008320
0006211
0008708
0007197
0003429
0000895
0002192
0008161
0005382
0008769
0008324
0005358
0000266
0001102
0007776
0000391
0003415
0004554
0003504
0002355
0002913
0000588
0008479
0008888
0007359
0006318
0009263
0000717
0005560
0002310
0000450
0001499
0008159
0002492
0006172
0005544
0003871
0007746
0001827
0005995
0002694
0002193
0004155
0002864
0006120
0004710
0005371
0008001
0002291
0005844
0005730
0002157
0005865
0004832
0006143
0002504
0006847
0006818
0007434
0005836
0006691
0001767
0008928
0005250
0008685
0004203
0007444
0002874
0000968
0005252
0006394
0008112
0000263
0007594
0004938
0001752
0005448
0003067
0005372
0001862
0000884
0005064
0001368
0006965
0007539
0008219
0003937
0001772
0009356
0005526
0005077
0009210
0006487
0003483
0004464
0008089
0000402
0007380
0002293
0007790
0005106
0008529
0004561
0006104
0002424
0003447
0000235
0005947
0008962
0005376
0002421
0003356
0004749
0003755
0006615
0002801
0005879
0000192
0004319
0004874
0007400
0009161
0001658
0003229
0008278
0000286
0008434
0002960
0006244
0008516
0008035
0004645
0009383
0000299
0007964
0005355
0002479
0009227
0006290
0005140
0003687
0005632
0005709
0001040
0003762
0008128
0001184
0001527
0006969
0005687
0009267
0008186
0009357
0000892
0001758
0009190
0000606
0008267
0000822
0007199
0000513
0002288
0002570
0005052
0006468
0001734
0004457
0006475
0008009
0009143
0002751
0009080
0004199
0008190
0007429
0008513
0008719
0007984
0002670
0001551
0008174
0001233
0003622
0003176
0000403
0005334
0004142
0009001
0006654
0000676
0008248
0006057
0003963
0000269
0008933
0001079
0004674
0007473
0000414
0004939
0003230
0001278
0002792
0004047
0009230
0009280
0009094
0007791
0002972
0005436
0001555
0008779
0002341
0008980
0004488
0008015
0001536
0002164
0009311
0003088
0009283
0007880
0006274
0002840
0005915
0006428
0008783
0001801
0006227
0008308
0004662
0002366
0002732
0001646
0003934
0007920
0008679
0003040
0003856
0002703
0005763
0001038
0004734
0007347
0006651
0003054
0008581
0002428
0005666
0008853
0000335
0006136
0006826
0007809
0002016
0004853
0000101
0008198
0003314
0003806
0001885
0002261
0001250
0006901
0002248
0002629
0001897
0000958
0005553
0008309
0003700
0001634
0006249
0008142
0002065
0006562
0008638
0000994
0008483
0005347
0003598
0006193
0008203
0004941
0004362
0008567
0006663
0004032
0003844
0008929
0001889
0003586
0003367
0006327
0006393
0000144
0009331
0004546
0003920
0007549
0006250
0007480
0002107
0005214
0009399
0002860
0000649
0000681
0006771
0002941
0004482
0003120
0001193
0008143
0004704
0007267
0002022
0006553
0009250
0004802
0003583
0003154
0007557
0003778
0004083
0003813
0000195
0006404
0008315
0008077
0003316
0000083
0005788
0000612
0003863
0005427
0002426
0009396
0008091
0002938
0007472
0007494
0001021
0001945
0008592
0003264
0007384
0005209
0007408
0007019
0003802
0002811
0004775
0000341
0004810
0002516
0005550
0000179
0005092
0002286
0006347
0005517
0003745
0003967
0001455
0004999
0005130
0007640
0007856
0001652
0007882
0002692
0007999
0006083
0005738
0007281
0002413
0005083
0006344
0000151
0002143
0009294
0005620
0004875
0001340
0004833
0005065
0002438
0008559
0008034
0007681
0007952
0005898
0003431
0009347
0008797
0006632
0004206
0002993
0002551
0001273
0004744
0008023
0007974
0000965
0007193
0003836
0000651
0000174
0001417
0002668
0007992
0002970
0007206
0008813
0002416
0000601
0002009
0001270
0003988
0003333
0007216
0006153
0006622
0000553
0005838
0000766
0005634
0003538
0007295
0001989
0009385
0003873
0004320
0002244
0000844
0005213
0005136
0009093
0007097
0000916
0008346
0000184
0004301
0004984
0005268
0003786
0007362
0003615
0008861
0006626
0003394
0006454
0008351
0006500
0000017
0007336
0008178
0005259
0008688
0003926
0008931
0005081
0005217
0005573
0004048
0005919
0001226
0006351
0002797
0004911
0008753
0007793
0007180
0007661
0007366
0005752
0008225
0006950
0000327
0007479
0003575
0000246
0005120
0006160
0003509
0005761
0001863
0002423
0008407
0002586
0007529
0007825
0006403
0007018
0004162
0000980
0003151
0006362
0003731
0008047
0000922
0003850
0000183
0001503
0005204
0008362
0004486
0003210
0005857
0002149
0007448
0000185
0006644
0003515
0004315
0000445
0004409
0006550
0000886
0007834
0007569
0002541
0004505
0001378
0004197
0003998
0004060
0003969
0008604
0007642
0005284
0004226
0000746
0003136
0002328
0003566
0008650
0000093
0002677
0001870
0004228
0002748
0000217
0001909
0004372
0008968
0002203
0006413
0008999
0000943
0003425
0008011
0001398
0002237
0000439
0002740
0008815
0002836
0000919
0006745
0004905
0002347
0001219
0006278
0004253
0001962
0006590
0008964
0009095
0005999
0004947
0005390
0000047
0001142
0003427
0007610
0005338
0004172
0005014
0003438
0002834
0003628
0008131
0000476
0002141
0004338
0007183
0007873
0001961
0005783
0001939
0005391
0002183
0008138
0000737
0008297
0006190
0003292
0008944
0005772
0007352
0008041
0009022
0008192
0000063
0006105
0004127
0000499
0003413
0006696
0001028
0002991
0002281
0007605
0008766
0001055
0006261
0006350
0000050
0000301
0004424
0008097
0009208
0008344
0008242
0003713
0002755
0000137
0006363
0008247
0003180
0006448
0002924
0008204
0008943
0008593
0008757
0004118
0001284
0005402
0007573
0009298
0001474
0005575
0008644
0000426
0008126
0005405
0001483
0005421
0006883
0004909
0002241
0000940
0009155
0004243
0005326
0006722
0003110
0002219
0003312
0001733
0006296
0001717
0007155
0003961
0005449
0005224
0000835
0004526
0001263
0005332
0000065
0001935
0007247
0000753
0008709
0005790
0003954
0005723
0002015
0002948
0009048
0002229
0008436
0003337
0008624
0007010
0009233
0003919
0000228
0001599
0006998
0005716
0000850
0007969
0003324
0005565
0005094
0005203
0005913
0004843
0007201
0008443
0006704
0005778
0008094
0000197
0004237
0000618
0006520
0006078
0004962
0007308
0006014
0005548
0000023
0004496
0004955
0003841
0000609
0005845
0008837
0001998
0008646
0007484
0008285
0007733
0009320
0004942
0009013
0003620
0005337
0002051
0005397
0007369
0000870
0002526
0007905
0006811
0008022
0003046
0008129
0003234
0006605
0004285
0007249
0000464
0002430
0005774
0003737
0003079
0002846
0002000
0005474
0006890
0005344
0000169
0002540
0003824
0003978
0009156
0002705
0004783
0004017
0006581
0009071
0000375
0008983
0001829
0004129
0007563
0002470
0006629
0008509
0001360
0006878
0000521
0002480
0002699
0007932
0007351
0004594
0000576
0007357
0004814
0006441
0004817
0001843
0000026
0001741
0006853
0008036
0006671
0004705
0000929
0005450
0001452
0006195
0007637
0005700
0006506
0000759
0001053
0001339
0005773
0002142
0000146
0003606
0007222
0008103
0002088
0004057
0002904
0007600
0004329
0005622
0000177
0006019
0006832
0005313
0009316
0005841
0000496
0006659
0003812
0002583
0003434
0005586
0009260
0008904
0000372
0001762
0008353
0001580
0003454
0006954
0005440
0004420
0008505
0002784
0006686
0002689
0001524
0007250
0006018
0003466
0006561
0007957
0005067
0004716
0006958
0006933
0003273
0004844
0008062
0006476
0007461
0001465
0000471
0009135
0003738
0007325
0005691
0005914
0001098
0005396
0001942
0008028
0008947
0002569
0004835
0002476
0007334
0001542
0003207
0002776
0006721
0008363
0005442
0005082
0008668
0008170
0007046
0008100
0008938
0005251
0003632
0009317
0005138
0008268
0003144
0007120
0006751
0000421
0002562
0009056
0000479
0005927
0001297
0001719
0006086
0002231
0008221
0001879
0006266
0002266
0001365
0007730
0006797
0003785
0001850
0002837
0005157
0005086
0007467
0001225
0009075
0000568
0002410
0002666
0007204
0000087
0000107
0006929
0003936
0000733
0003673
0007287
0007689
0004599
0002847
0007052
0009201
0005633
0000700
0004838
0003304
0002113
0001936
0002367
0007238
0006043
0006399
0005155
0005976
0004778
0002772
0000551
0005903
0007527
0002590
0003682
0002845
0001197
0000007
0005484
0000498
0006418
0006972
0001418
0005116
0001171
0008829
0005360
0008010
0005460
0001790
0004668
0009262
0001928
0002793
0008890
0006583
0007283
0004756
0000918
0008250
0008470
0007231
0007996
0004923
0008542
0007356
0005096
0001479
0007048
0002368
0005998
0002039
0003080
0003640
0000514
0004013
0009060
0005759
0000503
0003334
0004330
0005688
0005100
0008197
0002527
0006827
0007407
0006521
0006331
0003587
0001423
0002712
0009328
0002380
0002954
0003028
0005835
0001080
0008357
0003121
0008507
0000207
0003753
0003376
0000702
0007693
0006300
0003544
0006424
0002131
0003728
0002871
0004990
0003950
0003213
0005174
0000489
0002557
0004149
0002529
0000157
0005088
0002615
0008137
0002831
0001308
0003032
0004607
0000074
0005101
0001280
0004337
0004147
0001350
0003730
0002852
0008555
0002671
0004401
0008720
0007961
0008960
0005769
0005676
0007146
0000466
0004026
0003451
0008200
0005305
0008585
0000775
0006664
0000996
0001815
0004436
0002247
0008482
0001041
0001445
0006385
0008039
0008084
0000972
0006509
0006754
0006557
0000777
0000045
0006243
0007861
0002575
0007744
0004311
0008442
0000914
0006864
0009195
0003539
0005453
0002349
0006457
0001600
0003528
0000315
0002779
0005307
0000810
0004883
0000656
0007912
0007908
0000507
0006893
0004865
0009085
0008934
0005779
0007945
0005049
0005945
0000202
0003231
0004924
0006694
0007441
0009268
0007498
0009141
0007871
0005854
0004791
0002616
0007599
0004175
0002364
0007093
0000865
0000289
0003018
0008914
0003654
0009248
0005352
0007476
0003740
0009163
0000942
0002903
0008733
0003181
0006149
0004937
0007025
0006971
0003114
0007188
0003320
0002153
0004641
0008111
0002685
0002377
0001655
0008075
0003601
0008348
0004687
0005964
0002127
0006369
0002624
0007432
0005986
0006680
0004088
0004702
0008391
0005933
0007373
0008751
0002920
0008201
0002230
0000331
0005433
0008576
0007666
0005261
0000616
0004586
0008430
0002450
0008456
0005208
0007662
0000212
0000726
0004735
0000099
0002563
0008735
0004664
0003563
0001779
0003714
0005974
0007815
0000685
0004769
0005664
0005496
0001457
0007053
0004854
0008210
0003712
0001725
0009016
0004447
0008533
0002062
0001448
0007949
0006991
0000010
0000763
0008291
0004358
0001433
0007567
0002385
0001441
0002475
0007118
0009299
0004305
0002363
0000158
0006836
0005444
0000427
0007684
0006508
0003720
0005063
0002567
0000995
0007832
0000438
0004893
0008211
0006036
0004780
0009053
0006338
0005497
0001380
0008924
0008546
0003268
0007298
0008021
0000721
0003524
0004628
0009216
0000020
0006776
0000579
0007493
0000527
0003409
0004793
0000399
0001257
0008603
0008762
0007023
0006165
0004550
0004797
0007682
0005542
0006824
0003474
0006084
0007428
0007211
0007774
0001546
0003378
0004733
0002023
0002300
0009123
0006426
0008758
0002154
0005963
0004858
0003661
0008614
0005559
0006433
0000773
0001523
0001859
0002170
0001447
0005423
0006623
0000645
0005702
0004648
0004455
0004915
0007377
0000825
0008912
0003075
0003242
0002979
0001172
0006041
0001352
0009073
0002176
0006884
0006516
0008365
0006464
0004194
0007489
0000851
0000590
0006144
0007530
0006445
0005104
0006480
0001253
0005408
0004644
0000924
0007391
0000969
0001119
0009308
0004995
0000474
0006108
0007060
0001446
0004110
0007552
0002849
0004564
0006272
0008988
0009031
0001147
0003683
0008485
0004008
0006163
0007026
0005054
0003872
0007548
0000860
0007647
0007012
0006600
0003362
0002717
0005395
0004745
0009137
0005677
0006398
0000921
0005582
0002472
0000409
0006614
0005798
0004021
0006042
0006236
0002397
0005529
0008037
0005354
0000257
0001075
0000933
0003453
0007934
0006710
0006437
0003305
0002337
0007558
0005178
0007975
0007121
0000632
0001564
0003895
0007644
0002330
0006455
0006115
0002232
0000398
0001904
0001996
0004620
0000627
0003188
0004727
0006743
0002249
0001880
0005197
0007942
0005179
0004740
0007706
0006730
0003886
0006942
0008439
0007161
0004683
0002900
0008447
0003078
0005863
0000518
0009339
0002411
0001504
0008558
0008184
0003030
0005697
0008956
0000925
0005118
0007306
0003750
0002280
0009204
0008535
0000626
0000620
0004481
0000393
0002660
0001566
0003086
0002299
0001678
0001399
0007707
0001628
0007439
0007414
0001198
0005969
0001005
0004709
0004573
0006427
0007550
0007747
0005546
0001670
0006310
0004918
0006135
0004873
0008878
0001392
0009169
0004653
0005545
0003441
0003424
0004387
0004703
0008602
0004092
0007842
0001439
0001894
0009303
0007695
0003357
0000052
0008157
0007742
0005765
0000938
0001740
0008707
0006807
0008804
0007543
0006962
0000962
0002804
0008181
0002594
0001050
0005286
0002850
0000778
0004242
0006802
0007275
0004174
0004452
0006452
0003328
0005207
0006114
0003488
0001183
0001494
0005492
0005279
0008637
0000060
0002017
0004494
0007524
0007740
0000002
0000354
0001302
0007465
0001781
0008569
0006268
0000563
0003653
0001407
0008954
0004282
0007274
0003219
0001444
0001651
0006746
0005269
0003562
0003085
0001009
0009340
0008202
0001467
0002108
0009005
0004658
0003765
0007780
0004712
0006908
0005745
0009271
0005146
0003911
0000663
0000412
0004030
0001722
0002531
0002370
0003001
0002315
0001749
0004647
0000016
0001510
0002463
0003192
0003191
0005593
0001065
0007572
0001867
0002045
0001950
0007220
0002646
0002582
0000138
0007565
0001732
0004335
0002333
0004868
0006635
0002006
0003866
0000709
0008322
0007500
0004643
0009147
0004306
0002034
0004134
0003890
0008105
0005003
0001959
0006155
0002011
0009009
0003313
0002216
0003715
0003491
0000236
0008386
0005698
0002866
0001060
0006316
0001610
0004572
0005033
0005988
0000634
0004718
0002620
0008858
0004154
0006796
0003887
0005615
0006109
0008334
0002278
0007542
0000852
0008889
0006004
0002731
0003915
0003534
0006953
0000019
0003341
0005721
0005601
0003879
0001821
0007191
0004152
0001978
0008293
0006930
0007854
0002021
0006732
0002359
0007055
0001512
0009379
0005657
0004669
0003274
0007615
0001956
0000625
0007998
0002862
0001377
0003840
0004328
0008301
0004688
0002275
0000859
0003582
0000695
0000757
0004484
0007951
0000813
0008352
0001919
0007043
0003280
0000646
0000193
0002121
0003226
0008223
0004403
0002939
0006577
0004690
0007392
0007798
0007583
0004753
0008469
0008222
0008985
0002686
0002122
0001635
0008873
0009067
0009151
0000548
0003275
0000564
0002443
0000761
0003536
0003692
0002474
0008271
0009392
0006027
0004811
0009335
0005478
0000989
0005202
0004136
0001903
0004038
0003290
0005747
0002172
0004493
0002756
0005977
0006567
0006987
0005923
0008216
0001248
0004388
0008814
0009338
0007307
0004310
0001493
0004823
0001833
0000519
0000321
0004534
0002123
0007580
0007156
0001105
0001310
0004782
0005185
0004520
0000040
0002627
0007967
0004640
0004040
0001992
0004058
0000956
0002512
0008897
0003309
0008254
0001158
0008423
0001164
0000959
0007371
0007437
0002484
0005159
0001410
0007273
0009358
0008628
0000380
0001672
0009343
0004660
0005514
0003518
0002098
0005569
0006314
0009312
0005302
0001667
0002626
0004185
0008675
0007152
0006152
0005103
0004384
0005804
0004309
0009288
0003664
0001902
0004654
0002877
0002859
0008484
0008596
0000594
0000569
0006467
0009166
0004633
0005743
0002257
0005374
0004773
0004413
0003090
0000772
0003630
0002762
0001848
0000544
0000342
0000670
0002680
0003395
0005868
0000857
0002263
0003251
0007218
0000765
0004980
0006270
0001230
0007271
0002876
0001077
0006357
0003225
0005285
0006723
0005520
0004991
0008925
0004951
0004202
0002200
0007769
0004113
0006442
0004106
0005733
0004182
0003387
0002346
0005287
0008463
0002090
0004983
0002433
0002378
0003791
0003584
0006387
0006673
0007065
0005689
0002971
0002004
0005369
0004177
0009348
0006872
0004611
0008405
0005076
0007953
0000981
0004776
0007827
0004115
0004625
0001212
0008755
0003143
0000714
0003469
0006416
0001338
0006813
0009272
0003766
0008331
0009107
0004003
0006713
0000322
0000154
0000104
0000708
0001650
0005024
0007348
0006522
0005002
0004596
0004820
0001367
0001394
0003508
0001061
0006383
0001057
0008580
0006400
0007471
0000003
0004443
0000424
0004701
0003882
0001425
0005270
0007215
0004442
0005833
0005679
0003964
0002515
0006819
0006699
0006498
0000056
0004334
0008419
0003070
0003912
0003976
0006708
0007894
0007187
0004642
0008180
0001236
0002734
0008292
0000014
0000517
0006948
0002997
0003695
0008848
0007277
0005959
0007586
0007057
0003391
0002619
0004148
0002501
0002858
0003510
0008690
0004173
0001933
0008864
0007518
0005306
0001569
0007011
0002414
0000692
0004264
0007814
0001287
0000105
0007620
0003596
0005379
0003725
0002843
0001459
0000945
0001151
0004731
0006492
0006763
0004368
0005175
0008177
0008530
0002983
0004623
0002795
0007326
0001034
0003211
0008400
0000610
0006459
0003135
0004614
0008756
0000619
0001968
0007115
0007626
0007699
0000131
0003440
0000442
0006927
0001592
0003414
0003770
0007578
0005109
0003013
0001022
0006892
0003270
0000441
0000251
0009027
0001617
0000219
0001461
0005108
0000089
0004018
0009049
0003463
0008274
0008721
0004850
0000662
0004300
0002693
0003214
0003521
0003776
0008303
0006156
0007464
0003685
0006186
0005461
0007907
0007502
0002138
0006091
0005568
0008921
0005166
0002298
0006698
0000233
0008311
0001674
0008086
0005650
0007379
0002399
0008839
0003107
0005115
0004398
0005604
0008489
0002054
0006983
0002223
0008664
0006239
0002928
0003724
0000029
0003809
0007066
0008654
0003421
0002255
0004451
0001563
0001686
0005509
0004600
0002746
0007127
0007419
0000623
0001003
0009193
0001438
0003677
0007761
0002488
0002519
0002059
0001653
0002453
0002679
0008706
0003039
0007137
0002320
0007203
0005599
0002407
0006812
0006862
0004944
0009345
0007718
0002691
0008872
0001980
0003296
0003913
0004877
0009181
0001703
0001232
0006139
0005345
0001275
0007909
0008828
0000696
0009225
0001685
0002099
0003743
0000669
0007340
0000615
0008722
0007501
0001484
0000814
0003202
0002707
0007921
0009105
0009330
0006466
0008830
0007877
0001812
0007532
0000088
0007511
0001764
0002556
0004278
0008939
0006608
0002536
0000478
0004062
0005630
0003069
0003816
0001662
0000684
0000722
0009372
0003091
0008403
0004601
0006171
0001884
0001770
0002973
0006913
0001213
0005468
0003981
0000392
0002375
0008364
0006990
0001777
0008450
0006429
0003933
0002469
0000999
0008715
0003910
0005160
0007938
0004903
0004295
0007778
0000533
0008825
0008366
0005446
0007224
0004591
0006150
0001613
0003164
0005029
0005883
0000161
0006000
0005970
0009397
0000648
0005008
0001973
0003585
0008590
0002820
0002890
0005663
0008777
0005438
0000565
0002477
0002742
0004143
0004107
0002112
0005009
0007551
0001058
0006052
0007694
0008148
0006941
0000560
0002534
0001726
0006882
0006532
0005199
0000665
0006801
0009389
0007403
0001999
0004071
0004606
0006259
0006089
0001322
0001649
0000349
0003946
0000570
0008862
0004570
0002409
0002155
0006712
0009259
0005276
0003216
0005216
0006055
0006375
0008506
0005682
0007009
0005317
0000247
0002701
0008113
0004074
0009200
0009162
0000525
0001997
0004691
0002853
0008012
0005541
0008017
0007223
0001775
0008256
0001487
0001029
0002115
0006610
0002240
0007214
0008847
0004593
0007112
0006262
0002384
0001084
0007452
0001326
0008952
0001765
0003084
0003861
0004922
0009024
0003870
0006056
0007278
0002161
0003258
0005418
0009040
0002379
0007728
0006900
0004283
0002884
0007568
0003123
0008476
0005800
0006277
0005866
0000861
0008659
0001106
0000934
0005564
0002058
0000076
0001247
0008413
0004415
0006703
0005579
0002875
0001791
0005787
0006101
0006224
0001375
0001693
0005451
0009240
0000747
0001074
0001292
0007128
0001100
0003865
0006095
0004462
0008474
0002295
0001930
0003574
0003579
0001221
0003002
0006302
0009006
0007092
0005321
0009019
0002585
0006980
0006113
0005589
0007114
0000930
0003126
0006392
0000807
0004736
0009231
0002621
0006128
0004298
0008910
0001309
0000305
0007150
0008560
0008081
0002958
0008299
0008013
0001675
0001117
0006377
0005639
0005467
0008232
0007164
0007034
0004666
0009293
0002358
0005674
0007982
0001435
0007703
0005032
0005880
0001525
0002350
0006652
0002545
0007604
0008046
0007623
0003254
0007028
0006011
0006524
0008586
0006421
0006695
0002093
0000204
0002304
0004898
0006541
0002282
0001516
0008647
0003497
0004588
0000329
0005375
0003196
0001141
0001718
0003271
0006112
0009125
0007263
0003799
0004490
0004251
0005387
0001619
0002186
0007545
0000276
0001517
0007147
0004090
0000950
0002560
0005580
0008838
0000531
0001900
0006098
0008205
0004950
0003947
0003083
0005291
0000538
0007423
0008550
0007713
0001766
0008993
0002522
0007363
0008461
0001896
0004864
0005177
0005972
0001251
0006330
0002603
0002329
0004847
0006386
0008836
0004033
0005031
0007119
0006946
0003924
0008425
0004195
0008171
0009097
0003208
0008681
0008029
0005495
0007506
0006720
0004393
0005164
0005878
0003597
0003265
0009359
0005283
0009326
0007151
0006693
0005823
0009256
0008141
0004022
0002990
0001364
0001620
0003071
0008417
0006479
0007720
0001182
0000729
0004215
0001923
0005952
0003329
0000126
0002471
0009244
0008503
0000449
0001281
0003567
0004459
0001890
0003702
0004004
0002388
0007926
0007346
0007171
0000804
0005303
0001753
0007228
0004900
0008866
0000505
0002130
0003710
0000540
0006097
0004812
0001901
0007054
0009273
0003261
0001731
0003650
0008115
0002260
0007930
0005873
0005254
0004771
0007714
0005925
0002507
0002339
0000734
0006472
0000827
0005785
0007962
0003823
0001616
0003830
0005581
0004411
0004475
0002994
0006526
0006775
0007389
0004130
0008710
0008524
0004807
0007822
0002002
0003727
0001932
0003839
0002537
0004123
0008467
0006770
0001000
0001907
0007696
0006528
0001730
0008667
0002077
0000013
0006218
0000364
0000159
0008433
0005571
0005711
0008669
0002576
0001760
0005862
0007064
0005558
0000516
0000756
0007868
0007217
0007997
0002236
0004417
0005502
0004558
0007866
0007436
0009099
0006880
0000361
0008286
0005240
0001007
0004137
0002084
0000529
0002061
0003807
0001431
0005011
0002119
0005212
0008498
0005540
0007585
0009074
0002597
0004746
0000222
0009365
0003979
0004350
0000643
0005968
0006767
0005966
0004207
0005717
0006164
0004672
0001632
0001934
0003952
0002435
0007670
0007531
0000977
0004069
0001231
0003972
0001763
0005420
0004816
0005696
0006974
0003642
0009255
0000018
0000776
0004167
0000096
0001809
0008397
0008728
0004926
0000097
0006911
0004943
0003848
0005417
0002706
0008796
0004345
0005028
0006783
0002934
0000156
0007958
0003000
0003029
0000927
0006748
0001804
0009174
0007631
0003843
0001083
0000845
0003662
0000788
0003553
0007237
0002175
0001059
0008683
0000887
0005191
0006031
0005996
0003690
0000435
0007071
0003732
0006870
0005340
0000469
0007913
0000443
0001641
0007587
0008360
0006830
0003299
0007099
0000537
0007890
0008787
0002561
0008833
0006336
0001437
0005222
0007709
0000306
0006510
0008284
0001691
0003037
0005536
0005343
0003787
0006514
0003987
0001659
0008371
0004348
0004585
0003804
0007690
0005751
0002652
0006440
0008079
0008598
0006066
0000987
0002830
0001268
0005452
0006035
0008930
0009197
0007081
0001318
0005824
0005826
0003637
0004994
0004046
0009118
0007768
0009120
0002605
0005792
0002942
0004286
0006060
0008545
0000545
0007571
0004954
0006024
0002444
0003652
0002482
0001409
0005356
0000605
0002158
0003868
0009285
0008121
0001153
0004682
0002614
0004767
0008054
0008005
0002584
0007566
0003064
0002156
0004321
0007006
0004717
0006513
0006409
0002513
0005435
0002336
0007312
0007883
0000725
0005125
0000259
0007875
0000898
0002091
0007859
0004969
0000650
0004440
0005394
0004168
0001601
0004562
0002309
0008330
0003021
0007035
0006837
0007950
0008883
0003036
0008652
0004196
0007935
0006131
0000834
0008006
0005485
0006145
0003758
0000905
0008891
0003260
0000494
0000396
0000855
0005129
0006491
0005079
0003482
0006842
0003138
0007923
0007528
0006059
0006003
0007036
0001188
0007409
0008123
0000467
0009124
0007507
0002338
0000750
0007196
0004722
0001458
0000876
0001372
0003590
0000001
0005829
0000760
0006648
0000328
0008238
0004777
0000779
0002072
0009274
0004274
0002509
0009088
0002577
0002882
0008595
0005619
0000587
0001468
0001864
0000475
0006918
0002227
0001545
0006814
0005241
0003818
0001633
0008600
0004958
0003647
0008490
0001640
0007848
0002951
0001729
0006717
0004219
0007817
0005793
0003253
0007282
0006707
0004087
0003061
0007111
0006548
0001947
0004163
0009148
0006012
0006967
0005920
0005680
0005671
0001282
0004099
0007462
0007456
0008332
0003734
0003607
0006039
0003223
0002966
0003707
0000136
0007168
0006099
0007785
0008066
0001090
0003241
0000318
0003369
0002246
0004907
0008494
0000009
0006556
0002841
0000218
0005296
0008019
0006291
0001743
0006579
0005608
0005036
0003200
0005513
0000379
0009249
0002094
0006959
0004626
0001792
0001242
0002321
0007123
0005145
0002754
0008050
0004529
0006033
0000520
0002258
0003416
0001449
0000203
0001196
0000793
0009066
0006203
0006253
0005190
0006537
0005415
0003276
0001528
0002445
0005795
0003227
0008537
0008431
0008090
0004016
0001108
0006904
0007729
0005456
0001605
0005989
0008953
0002805
0008671
0003077
0004622
0000992
0001076
0001428
0001721
0005852
0008415
0003201
0006062
0001585
0001595
0000057
0004082
0006825
0007664
0007135
0008660
0001460
0002726
0004378
0000664
0000536
0009245
0004974
0000808
0007388
0004126
0002548
0000395
0008632
0004114
0000957
0006002
0008395
0008551
0008986
0005771
0003800
0001608
0006373
0008844
0000771
0008778
0009315
0008641
0000979
0005206
0001397
0002870
0007425
0003788
0006869
0004331
0003651
0000123
0002268
0004002
0003458
0001330
0008072
0001258
0007547
0001261
0007288
0002116
0002617
0004111
0002952
0002182
0001189
0003942
0007074
0002437
0002165
0005349
0008076
0006233
0000633
0004070
0006871
0006381
0006232
0000542
0002588
0005050
0007317
0002898
0006198
0005346
0006090
0006306
0007756
0000250
0001696
0000268
0007148
0008441
0006620
0008749
0002609
0001835
0008199
0001587
0001982
0002148
0004380
0000849
0005618
0005649
0001713
0004794
0008004
0002454
0004271
0009329
0000539
0001751
0003388
0000278
0009337
0008984
0000769
0000249
0006159
0003769
0005648
0003709
0007291
0006276
0000109
0008795
0008478
0006952
0008591
0002788
0003780
0008251
0000116
0003004
0002195
0008120
0001558
0005134
0001276
0000188
0005683
0000744
0003385
0002823
0000964
0006873
0001138
0008869
0006200
0005507
0002274
0009131
0005786
0005985
0000937
0000820
0006248
0005234
0004895
0007086
0007266
0002178
0001416
0001042
0002810
0009325
0007672
0005089
0002014
0008119
0007395
0005439
0000239
0003667
0008399
0003150
0007724
0008510
0004257
0007554
0000617
0008027
0000079
0006434
0007329
0005720
0007140
0006280
0007711
0003476
0001581
0003688
0007534
0007660
0006949
0001104
0009238
0002672
0005590
0008738
0008189
0003953
0004988
0009036
0003109
0003186
0005255
0007172
0007077
0008384
0003932
0008495
0002822
0006633
0009030
0003203
0007579
0007638
0002254
0002910
0008597
0008775
0005990
0007904
0001817
0004809
0001915
0008073
0005813
0004259
0001379
0007226
0009047
0002750
0005187
0002071
0004751
0008149
0007145
0001778
0000389
0007646
0005661
0003939
0008058
0000357
0003808
0001133
0005864
0002929
0008785
0007167
0007715
0001688
0006303
0002723
0006017
0004945
0008043
0005099
0004376
0002057
0007829
0004431
0008831
0000303
0004806
0002902
0009390
0004993
0001031
0004615
0005059
0004054
0005958
0004743
0004473
0005805
0001113
0003819
0006088
0001405
0001101
0005930
0006121
0002312
0008578
0001035
0003215
0007915
0001861
0006215
0006875
0007973
0004208
0001290
0002747
0003352
0003609
0001220
0000787
0008613
0007037
0003958
0001905
0002398
0007889
0000599
0001991
0006835
0007719
0007897
0003478
0003594
0002191
0007858
0002673
0008130
0001627
0006087
0003781
0006127
0002774
0007959
0008992
0007038
0000952
0007544
0000840
0004884
0005123
0003905
0006417
0002749
0007416
0007301
0003496
0005017
0002462
0004381
0008687
0008564
0001348
0004489
0008855
0007068
0008512
0003851
0007675
0008165
0000874
0008398
0000578
0003884
0003332
0000418
0001598
0004977
0005228
0007983
0000600
0004250
0006412
0002880
0002296
0005578
0008767
0008374
0002442
0002945
0009382
0003063
0002104
0005210
0002591
0002146
0001337
0005366
0006030
0006285
0006294
0005180
0005304
0006766
0006079
0009078
0009077
0005330
0006082
0003900
0004063
0004613
0003412
0004583
0007475
0002721
0005158
0003464
0004967
0008976
0000166
0005904
0007584
0002076
0005342
0006134
0000911
0000133
0008663
0006260
0004934
0009211
0000547
0007154
0003158
0003277
0005708
0008392
0004729
0006938
0009364
0002827
0006352
0007546
0007748
0008971
0001169
0000135
0001547
0004973
0008491
0001509
0001200
0000015
0006191
0004556
0005489
0001977
0001436
0003985
0000873
0005491
0002851
0001615
0003775
0001557
0001621
0000614
0005956
0001319
0001107
0005973
0009370
0005851
0002189
0008761
0006706
0002969
0001562
0001167
0007619
0003374
0004161
0005426
0001325
0001481
0006411
0006858
0002069
0005471
0003033
0000386
0002766
0006245
0003066
0003023
0002083
0002528
0006848
0005078
0008799
0009017
0004078
0002063
0000745
0005410
0000881
0006863
0008194
0000344
0001266
0004921
0003043
0008101
0003764
0001304
0007727
0006460
0000387
0002791
0002481
0000604
0003531
0000582
0002953
0000727
0001146
0004571
0000907
0000108
0007374
0006788
0000141
0003665
0003449
0008794
0003407
0001152
0005776
0007292
0005637
0009194
0005629
0002651
0000743
0004091
0000117
0005000
0008967
0009057
0007754
0003635
0002311
0000951
0007264
0009002
0005221
0002294
0002856
0001836
0005890
0004444
0003272
0001406
0002503
0003696
0006038
0007257
0005781
0005131
0003516
0008959
0000253
0001657
0007505
0003081
0007202
0007643
0003838
0000711
0002593
0007607
0006876
0003580
0007330
0005727
0008811
0004478
0008244
0007712
0006315
0001568
0005135
0003854
0000558
0002128
0009106
0007628
0001396
0001954
0007917
0001771
0002026
0006241
0008620
0001724
0007972
0006279
0005980
0001466
0002622
0007523
0002325
0002345
0005055
0001508
0005902
0003768
0003559
0002940
0007536
0001768
0004661
0002956
0008892
0006119
0001711
0001497
0002406
0008682
0003611
0004506
0007104
0000555
0007613
0006559
0005938
0000297
0000798
0006937
0006549
0007061
0007685
0007606
0004603
0006540
0002728
0006668
0004670
0000084
0008875
0001737
0003218
0005585
0000119
0003393
0002144
0004312
0005319
0003044
0008955
0006209
0007360
0006599
0001644
0006299
0005910
0008673
0005570
0002675
0000008
0003927
0007090
0008195
0002542
0005020
0008410
0004635
0006535
0005549
0005979
0002937
0007041
0002634
0002807
0002867
0004544
0002543
0001707
0007634
0001943
0000264
0009070
0007577
0008218
0006789
0004000
0004890
0001271
0000591
0000880
0009014
0006645
0003348
0006955
0000593
0004318
0000082
0000189
0001699
0007387
0004316
0003016
0002137
0000102
0008074
0005428
0008519
0004975
0003330
0002613
0001625
0008727
0004841
0003859
0000823
0004549
0003402
0004899
0004960
0008093
0000115
0008166
0001921
0009087
0007632
0008459
0003355
0000061
0004555
0001334
0001362
0001556
0008173
0005273
0009175
0003034
0003331
0001774
0000134
0007315
0002434
0008067
0005486
0009281
0001892
0006598
0002643
0002975
0006683
0004340
0003533
0003326
0004395
0002716
0000738
0008726
0004500
0005534
0002207
0006485
0000730
0008243
0002767
0007426
0000200
0005748
0001820
0003108
0007639
0007195
0008612
0008896
0006650
0004748
0003549
0006606
0007190
0000629
0001215
0000209
0004094
0000150
0000837
0005814
0005872
0003507
0006402
0001179
0001969
0005325
0008132
0003237
0001596
0000030
0009381
0005074
0008927
0006449
0004519
0003014
0008523
0002896
0001129
0003174
0001874
0004477
0004056
0008822
0005315
0008277
0005056
0008240
0002931
0003686
0003284
0001993
0004349
0008078
0000806
0003113
0003512
0000415
0001826
0003748
0001306
0004976
0007243
0000893
0001782
0004928
0003384
0008689
0002497
0002010
0002106
0007794
0007440
0006725
0003423
0005470
0006023
0004698
0001798
0000561
0005097
0006576
0007535
0004275
0006961
0007564
0002056
0007265
0008008
0008909
0000178
0003339
0004244
0005153
0006628
0000243
0006554
0008832
0006124
0001560
0002049
0007823
0008547
0000853
0001501
0005359
0003703
0000295
0004327
0003450
0000483
0007252
0003974
0008458
0000584
0003560
0002735
0003007
0009349
0001844
0005654
0007258
0001783
0005975
0002813
0007125
0002580
0001868
0003073
0007617
0006447
0002008
0004680
0002179
0004507
0009282
0000826
0005978
0008963
0001810
0000888
0007040
0003349
0009246
0004458
0003784
0005794
0002782
0003162
0009213
0005171
0005046
0007743
0001012
0002078
0005719
0004987
0004267
0009007
0009179
0007648
0001043
0000350
0008273
0001925
0008565
0005900
0000171
0000459
0002715
0001002
0004014
0008102
0003820
0002725
0005876
0003492
0001126
0004238
0004265
0008389
0008990
0005482
0003797
0009062
0003608
0002478
0008781
0002283
0008716
0008882
0008880
0007919
0001957
0003327
0003522
0002394
0005289
0004576
0007244
0007653
0003527
0008859
0002868
0006072
0000863
0000847
0001995
0002270
0003360
0009350
0005299
0000280
0005621
0002222
0008633
0007800
0009373
0008355
0000113
0001631
0009072
0003116
0003845
0003236
0004587
0004317
0006396
0007445
0001289
0007185
0001750
0003147
0008802
0001606
0007134
0006612
0007862
0000279
0002160
0007621
0002658
0006022
0003867
0002524
0000848
0007833
0006367
0001819
0004051
0007986
0006162
0000877
0003794
0004886
0002048
0002250
0004761
0005277
0008167
0007731
0003250
0003130
0005818
0000723
0008372
0007937
0002228
0000053
0004742
0004289
0006580
0009314
0008475
0008051
0007229
0006242
0003878
0002918
0001165
0005801
0001728
0005169
0003914
0007039
0005965
0003847
0008109
0004581
0001235
0007049
0000345
0009366
0002894
0000323
0005847
0006374
0008061
0007884
0003410
0007683
0005111
0003228
0000336
0000782
0002760
0006527
0007044
0006228
0005675
0005660
0005189
0003742
0003165
0007799
0008655
0001286
0003717
0004231
0005831
0001746
0003506
0001965
0008014
0005324
0008643
0007885
0007656
0005294
0000162
0003693
0006040
0007910
0000324
0003773
0009239
0002632
0008234
0009177
0001157
0008865
0005943
0003101
0000939
0004677
0001642
0001355
0006133
0007840
0006566
0003659
0000042
0005827
0005414
0001520
0008731
0006865
0009065
0000181
0005891
0007698
0002334
0000456
0004828
0001186
0007970
0000946
0007047
0007978
0001816
0000767
0001294
0001584
0007368
0004343
0003588
0003403
0004342
0000406
0003756
0007658
0003678
0006025
0003364
0001163
0001069
0003353
0003943
0004399
0001260
0008499
0000359
0005712
0001727
0007299
0000163
0006255
0007893
0002598
0005803
0007182
0000854
0006816
0004867
0002967
0007427
0003793
0009164
0000511
0003163
0007393
0004375
0004732
0006312
0003989
0008686
0003935
0005537
0002878
0000215
0007650
0009084
0008951
0008300
0004604
0001761
0005577
0001684
0007786
0004632
0001630
0008575
0008169
0002761
0005737
0002525
0003729
0005501
0003315
0007470
0006158
0005597
0001704
0008383
0001515
0005704
0005048
0004366
0009033
0001094
0008454
0004313
0007927
0003803
0008740
0003771
0005173
0001663
0003672
0003741
0006638
0006729
0008745
0004332
0006711
0001359
0006742
0005606
0000522
0000220
0003220
0005022
0009224
0002351
0004866
0000085
0006221
0004354
0006679
0004472
0000025
0004649
0004510
0008265
0003614
0002611
0005061
0001964
0002352
0002828
0005465
0003055
0002167
0008974
0003373
0002173
0008732
0001389
0007609
0002769
0005044
0001227
0005272
0001690
0004936
0006092
0002150
0001239
0008493
0000370
0007753
0001839
0004347
0004542
0001838
0007836
0006096
0008246
0009113
0002936
0009165
0008736
0003573
0006705
0004239
0005235
0002688
0004617
0008325
0004715
0005896
0005297
0002555
0001030
0007045
0003056
0008335
0000453
0002029
0008042
0002607
0001773
0006013
0008118
0006332
0007469
0009042
0000832
0006063
0004093
0001403
0002977
0002684
0000785
0005911
0008370
0005274
0002168
0004511
0009378
0007405
0000955
0005667
0003977
0002224
0009004
0007760
0005006
0008876
0000718
0008946
0005143
0005701
0000394
0000624
0004224
0001854
0006044
0007200
0002140
0008085
0004157
0006602
0004996
0006912
0002601
0009228
0000004
0004325
0002035
0005091
0000165
0001748
0009044
0000510
0004235
0006166
0008594
0008497
0004186
0005476
0006665
0000145
0004128
0007117
0007262
0002568
0008895
0005994
0009205
0007633
0000153
0005288
0004575
0007417
0002326
0007597
0002546
0006701
0002511
0003479
0009203
0007225
0007574
0006939
0004679
0007847
0000641
0002514
0004579
0005409
0004269
0007514
0005483
0004308
0001144
0002697
0003760
0004112
0003146
0001645
0006142
0006926
0004565
0007941
0007239
0001432
0005165
0003660
0006391
0002408
0006361
0000795
0009187
0004356
0008053
0006372
0006293
0001706
0007900
0003184
0003359
0001960
0004826
0001192
0003263
0008209
0006223
0002499
0003923
0006943
0001476
0004468
0005954
0000864
0000431
0006831
0004255
0002354
0002391
0001511
0004822
0005280
0002935
0006298
0008437
0003346
0000091
0003906
0008747
0007971
0000913
0007075
0008805
0006220
0005799
0001155
0007165
0009015
0001676
0009092
0001228
0006834
0004548
0003832
0002803
0002943
0003177
0001194
0007762
0006173
0004383
0007738
0003852
0001937
0002415
0001938
0000495
0000428
0008616
0001001
0005114
0009367
0001979
0008288
0001037
0005141
0006068
0000390
0009322
0000130
0003308
0004012
0004959
0001066
0003484
0001643
0008369
0008940
0007723
0000783
0008589
0000326
0006570
0003190
0005922
0001469
0008040
0007327
0007857
0004916
0002844
0001307
0005993
0006368
0004522
0008635
0006677
0005614
0003149
0002252
0005538
0002451
0007989
0005638
0002743
0003433
0003883
0001162
0000985
0008885
0007309
0006321
0004433
0008746
0000932
0003681
0004304
0001415
0005469
0006560
0005038
0003739
0000715
0005770
0008164
0000486
0002987
0000420
0000282
0007591
0003593
0004101
0000078
0000485
0006168
0001913
0007136
0006481
0000912
0003439
0008239
0002647
0001202
0006915
0007109
0001262
0000055
0002914
0006525
0008621
0005875
0004240
0009374
0001256
0000190
0006389
0008579
0000644
0000800
0008665
0001411
0001496
0003541
0008416
0002206
0000304
0006180
0003336
0005393
0000142
0009021
0000543
0000885
0003448
0009226
0007665
0003811
0008605
0000559
0006660
0003526
0001014
0006840
0004693
0003343
0000586
0003513
0007692
0002773
0008241
0005466
0004430
0006339
0004516
0007297
0001216
0004760
0005327
0006504
0005314
0004684
0001638
0004859
0000310
0006973
0006596
0002342
0008083
0001607
0001818
0007701
0007797
0002989
0006547
0007430
0003048
0008793
0005821
0008760
0007100
0005245
0002600
0007663
0003471
0003024
0009292
0001700
0009199
0008941
0008055
0004636
0008610
0002374
0009234
0004222
0007002
0009028
0004840
0008153
0005124
0007431
0006451
0003222
0005445
0007486
0000500
0002865
0002985
0008462
0008117
0001301
0000883
0004355
0008541
0003009
0004932
0003059
0000090
0006631
0008606
0006267
0005746
0001382
0005246
0008903
0005756
0004627
0002491
0006436
0006794
0006935
0005596
0007160
0001570
0008520
0003443
0004357
0006627
0002775
0006997
0000954
0006988
0001150
0007679
0006728
0001451
0001803
0002857
0004878
0008108
0007076
0006809
0007158
0001589
0005828
0007540
0003922
0004292
0006688
0009083
0007460
0000422
0002036
0004336
0007896
0002925
0002335
0003302
0004862
0005874
0008737
0000704
0002949
0002135
0007508
0004180
0005853
0000843
0006001
0006204
0007376
0009185
0002921
0006197
0004392
0004906
0002581
0000223
0005686
0001082
0007645
0000904
0008693
0006786
0005400
0005722
0004213
0000661
0001313
0002055
0007008
0008368
0005528
0004450
0004508
0006307
0007956
0007063
0007446
0006636
0005037
0004145
0006482
0003616
0003960
0009059
0005117
0004656
0000923
0007142
0005403
0003610
0001540
0000059
0004183
0008981
0004792
0006196
0006102
0008852
0007394
0004714
0003680
0003405
0008457
0002265
0006646
0006994
0001206
0000462
0008899
0004541
0003298
0008289
0006578
0001967
0003697
0005525
0009217
0003461
0005921
0003546
0001249
0006986
0006341
0001629
0002710
0005093
0001535
0003875
0003641
0001795
0002190
0006174
0003639
0006444
0007233
0006382
0004671
0003401
0007737
0004394
0008803
0005858
0008172
0006438
0000284
0007313
0009023
0001116
0005399
0007198
0007678
0004303
0002042
0007372
0001788
0000818
0005511
0005237
0004685
0005948
0006415
0003801
0005757
0006739
0001669
0007954
0003379
0002197
0008000
0007175
0004184
0004230
0000312
0007095
0005243
0000896
0007751
0002174
0002180
0009214
0008163
0002105
0004262
0001421
0001357
0007510
0002018
0008845
0006463
0000638
0004324
0003828
0005694
0005860
0009191
0001048
0008694
0000909
0003239
0008487
0002854
0007073
0000902
0002662
0008063
0004406
0003386
0004598
0007593
0002187
0009112
0000801
0000473
0003761
0009010
0008350
0002752
0002818
0004201
0009324
0000325
0005909
0002356
0001488
0006607
0000797
0003636
0006574
0006885
0004075
0006205
0005353
0009180
0004948
0006497
0006247
0002234
0003754
